-1200
-1183.9
-1167.8
-1151.7
-1135.6
-1119.5
-1103.4
-1087.2
-1071.1
-1055
-1038.9
-1022.8
-1006.7
-990.6
-974.5
-958.39
-942.28
-926.17
-910.07
-893.96
-877.85
-861.74
-845.64
-829.53
-813.42
-797.32
-781.21
-765.1
-748.99
-732.89
-716.78
-700.67
-684.56
-668.46
-652.35
-636.24
-620.13
-604.03
-587.92
-571.81
-555.7
-539.6
-523.49
-507.38
-491.28
-475.17
-459.06
-442.95
-426.85
-410.74
-394.63
-378.52
-362.42
-346.31
-330.2
-314.09
-297.99
-281.88
-265.77
-249.66
-233.56
-217.45
-201.34
-185.23
-169.13
-153.02
-136.91
-120.81
-104.7
-88.591
-72.483
-56.376
-40.268
-24.161
-8.0537
8.0537
24.161
40.268
56.376
72.483
88.591
104.7
120.81
136.91
153.02
169.13
185.23
201.34
217.45
233.56
249.66
265.77
281.88
297.99
314.09
330.2
346.31
362.42
378.52
394.63
410.74
426.85
442.95
459.06
475.17
491.28
507.38
523.49
539.6
555.7
571.81
587.92
604.03
620.13
636.24
652.35
668.46
684.56
700.67
716.78
732.89
748.99
765.1
781.21
797.32
813.42
829.53
845.64
861.74
877.85
893.96
910.07
926.17
942.28
958.39
974.5
990.6
1006.7
1022.8
1038.9
1055
1071.1
1087.2
1103.4
1119.5
1135.6
1151.7
1167.8
1183.9
1200
-1200
-900
-600
-300
0
300
600
900
1200
-1200
-720
-240
240
720
1200
-1095
0
1119
