100
97.333
94.703
92.108
89.55
87.027
84.541
82.09
79.676
77.297
74.955
72.649
70.378
68.144
65.946
63.784
61.658
59.568
57.514
55.495
53.514
51.568
49.658
47.784
45.946
44.144
42.378
40.649
38.955
37.297
35.676
34.09
32.541
31.027
29.55
28.108
26.703
25.333
24
22.703
21.441
20.216
19.027
17.874
16.757
15.676
14.631
13.622
12.649
11.712
10.811
9.9459
9.1171
8.3243
7.5676
6.8468
6.1622
5.5135
4.9009
4.3243
3.7838
3.2793
2.8108
2.3784
1.982
1.6216
1.2973
1.009
0.75676
0.54054
0.36036
0.21622
0.10811
0.036036
0
0
0.036036
0.10811
0.21622
0.36036
0.54054
0.75676
1.009
1.2973
1.6216
1.982
2.3784
2.8108
3.2793
3.7838
4.3243
4.9009
5.5135
6.1622
6.8468
7.5676
8.3243
9.1171
9.9459
10.811
11.712
12.649
13.622
14.631
15.676
16.757
17.874
19.027
20.216
21.441
22.703
24
25.333
26.703
28.108
29.55
31.027
32.541
34.09
35.676
37.297
38.955
40.649
42.378
44.144
45.946
47.784
49.658
51.568
53.514
55.495
57.514
59.568
61.658
63.784
65.946
68.144
70.378
72.649
74.955
77.297
79.676
82.09
84.541
87.027
89.55
92.108
94.703
97.333
100
20
41
12
61
51
75
122
46
50
-11
112
29
77
48
102
108
49
4
