-3.3815
4.9422
5
3.0347
-1.2428
0.89595
-2.1098
-3.1503
-0.26012
3.2659
3.7861
2.5145
0.78035
-1.8786
-0.78035
-3.8439
-3.6127
-4.1908
-4.8266
-1.4162
-0.37572
-3.0347
2.6879
-2.8035
0.66474
-3.4393
0.20231
2.9769
-2.6301
3.3815
-0.43353
1.9942
3.8439
-1.474
-4.2486
2.8035
-2.4566
1.0694
2.2832
2.2254
-4.9422
0.43353
3.5549
1.763
1.5896
-4.5376
-3.4971
-3.3237
-2.052
-3.7283
-4.1329
4.422
-3.6705
0.49133
-3.9595
0.31792
0.26012
-0.66474
-1.9364
1.474
-1.763
-0.54913
2.1676
-0.028902
4.5376
-0.83815
-4.0751
0.086705
-3.7861
1.9364
-2.6879
0.54913
-2.1676
1.4162
-4.0173
3.2081
4.1329
1.8208
2.3988
-0.086705
0.14451
0.83815
1.7052
1.5318
-2.2832
-4.5954
4.0751
-2.7457
-4.3642
-1.8208
-1.1272
-4.7688
-2.3988
2.341
4.3642
-1.6474
3.4971
2.9191
-1.0694
-3.2659
1.185
1.3006
4.5954
-2.5723
2.1098
3.3237
-3.5549
-4.8844
-2.5145
-1.0116
2.8613
4.1908
-1.3006
-4.4798
4.3064
2.6301
1.1272
-0.20231
-3.9017
-2.2254
3.9595
1.0116
1.8786
4.4798
0.60694
3.4393
-0.14451
-0.72254
3.9017
-1.7052
2.4566
0.95376
3.6705
-0.95376
3.1503
3.0925
4.0173
-5
-2.9191
-1.9942
-1.5896
4.8844
-1.5318
-1.3584
-0.49133
-2.9769
-4.711
-0.60694
4.711
2.5723
1.2428
-0.89595
4.2486
2.052
2.7457
-3.2081
0.72254
-0.31792
3.7283
4.6532
0.37572
-1.185
4.7688
1.3584
-3.0925
3.6127
-4.422
-2.8613
